

params = [0.072916734	4.596359276	22.4079338	0.140591153	0.179849275
0.076011873	3.859428356	17.18680306	0.180872998	0.190265923
0.09114587	7.96250636	22.44214353	0.292034604	0.311235841
0.034570326	19.83731486	11.19996118	0.120420685	0.195272799
0.036934453	28.52637327	21.58089448	7.62E-05	0.196224728
0.043422516	22.25512947	29.24130847	0.000118677	0.301658995
0.024903132	23.63692957	17.98271765	0.14517017	0.225457553
0.074983978	24.3449312	29.61408924 	0.308427566	0.379162917
0.043807947	20.03103678	21.31939165	1.72E-05	0.144111879
0.024711576	24.00076699	9.37370537	0.118682794	0.179095924
0.007973648	26.9962145	10.00985779	0.167324548	0.264742534
0.016251657	29.98423654	9.75151011	0.085795308	0.262009662
0.019468219	29.98300874	29.90409686	0.000534117	0.275844947
0.022800289	22.58725936	7.011487526	0.091810466	0.126993577
0.02254764	25.52826583	29.91916216	0.000188539	0.190451663
0.016495704	26.57086133	16.87986518	0.000857087	0.166465672];

thresholds = [0.857536397
0.837869312
0.761047594
1.070569279
1.6183728
1.02973542
1.064247653
0.935438549
1.735482802
1.429106785
1.383281388
1.648572054
1.590958675
1.692534508
1.699740383
1.741529727];

group = [ones(8,1); ones(8,1)*2];